smoke, eyes, sponge, exchange, balance, clam, summer, desk, girls, pancake, bit, stitch, peace, insect, owner, sleep, thought
3, %, 1, 0, 1, 0, 219, -66, 435, 1, bomb, -0.002571, 5, 1, -588.250000, -736.184570, 0
a6b, :, 1, 0, 1, 0, 2067, 1, 14, 1, spy, -0.003080, -31, 250, -102293.625000, 0.002930, 0
6c7, S, 1, 1, 1, 0, 0, -128, 10, 0, spoon, 0.000000, -1, 27029, 0.500000, -15435.285156, 0
5, s, 1, 1, 1, 0, 3, 39, 59, 0, class, -0.000000, -1, 0, 33711.500000, -2286.391602, 0
2, $, 1, 1, 1, 0, 57, -55, 14, 0, mitten, -0.000000, -2, 18, -19.312500, -8073.629883, 0
552, Z, 0, 0, 0, 1, 33, -1, 1, 0, feast, -102.565201, 5, 6, 0.375000, -148.159180, 1
f, q, 1, 0, 1, 0, 0, 59, 25089, 1, silver, 0.000005, -7, 11, -875.062500, -0.064453, 0
1, w, 0, 0, 0, 1, 16, 1, 228, 1, pig, 0.000527, -2, 11, 0.875000, -8385.376953, 1
0, !, 0, 1, 1, 1, 4111, -1, 5, 0, vein, -3.368647, -73, 21, -0.125000, -1369.793945, 1
3, |, 1, 0, 0, 0, 4906, 4, 129, 0, expert, 0.000000, -1, 0, 42598.062500, 1.036133, 0
2d8, 8, 0, 0, 0, 0, 404, -4, 2, 0, move, 22.569378, -16, 27, -43.687500, -0.704102, 1
27e0, V, 0, 0, 0, 1, 57, 0, 242, 0, shape, 0.000055, 59, 1033, 3.500000, 4.071289, 1
26ac, ~, 1, 1, 0, 0, 2, -1, 43, 1, lead, 0.000025, 109, 14717, 0.437500, -0.000977, 1
501, o, 1, 0, 0, 0, 2, 0, 23262, 1, crown, -3.077137, -57, 587, -19.125000, 0.000977, 0
5, s, 0, 0, 0, 0, 3650, -2, 830, 1, cats, -7.575945, 0, 5, 33711.500000, -0.001953, 0
5, |, 1, 0, 1, 1, 41, 31, 1218, 0, sheet, -10.594723, 0, 0, -0.062500, 0.008789, 0
26ac, ~, 1, 1, 0, 0, 2, 12, 242, 1, lead, -0.000233, 109, 1033, 0.437500, 0.001953, 1
362e, 1, 1, 0, 0, 0, 101, 2, 23527, 1, duck, 0.006152, -99, 1, 11779.625000, 9.440430, 1
4, p, 1, 1, 0, 1, 78, -15, 2, 0, love, 0.000155, -4, 16, 7.250000, -0.017578, 1
1d7, M, 0, 1, 1, 0, 15, 65, 10, 0, lamp, -19.717577, -63, 30, -1.187500, -0.754883, 1
552, Z, 0, 0, 1, 1, 33, 1, 1, 0, feast, 0.000001, 5, 3353, -9673.687500, -0.747070, 1
3, %, 1, 0, 1, 0, 219, -12, 2726, 1, bomb, -0.002571, 5, 1, -588.250000, 57.578125, 0
1, g, 1, 1, 1, 0, 1639, -2, 17372, 1, yoke, 0.000000, 12, 4825, 16.937500, 301.803711, 0
4a, |, 0, 0, 1, 0, 4934, 119, 1, 0, test, -0.000058, 0, 0, -0.062500, -2.417969, 1
0, 5, 1, 0, 1, 0, 15551, 43, 15074, 1, snail, -114.640808, 0, 106, -1.500000, 0.050781, 0
6b49, 5, 1, 0, 0, 1, 3428, -52, 305, 0, temper, -0.030383, 0, 24064, 0.000000, 22800.140625, 1
e6c, G, 0, 1, 0, 1, 0, -1, 1223, 1, cart, 0.000001, 26, 321, 39.937500, -0.183594, 0
92, y, 1, 1, 0, 1, 3, -42, 80, 0, sheet, -0.008878, -8, 3978, 30273.875000, -21.444336, 0
3, Q, 1, 0, 1, 1, 1223, -11, 11275, 0, owl, 0.000001, -1, 0, -10268.187500, 23821.095703, 0
8f, K, 0, 1, 0, 0, 1, 1, 12, 0, home, -0.000830, -18, 6496, 1576.625000, 9.954102, 0
a, <, 0, 0, 0, 1, 3, -63, 48, 1, steam, -0.113140, -52, 0, 1.312500, -0.001953, 1
105f, _, 1, 0, 1, 1, 3803, -113, 2, 0, woman, 0.040591, -7, 176, 1.312500, -13.939453, 1
0, ?, 1, 0, 0, 1, 3, -4, 2, 1, income, -0.025656, 7, 37, -262126.437500, -477.691406, 1
120, l, 1, 1, 0, 0, 40, -50, 10, 1, lamp, -0.007008, -1, 3921, -3.187500, 1633.438477, 0
35b0, :, 0, 1, 0, 0, 962, -1, 42, 0, pin, -0.000000, -5, 17, 2.250000, 562.333008, 1
120, t, 0, 1, 1, 1, 10, 3, 0, 0, lamp, 0.980060, 0, 2, -0.062500, 0.002930, 0
84, q, 1, 1, 1, 1, 23764, 0, 1, 1, mark, -0.000002, 47, 3297, 1.000000, -226.106445, 1
34, n, 1, 0, 1, 0, 0, 42, 18788, 0, print, -4.114277, 0, 0, 207.750000, -0.003906, 0
2, 9, 1, 1, 1, 1, 3409, -91, 25211, 1, title, 0.007654, -58, 1974, -6.750000, -6.230469, 0
3a, a, 0, 0, 1, 0, 316, 26, 476, 0, flag, -2.215743, -2, 750, 0.000000, -14.408203, 0
7, h, 1, 0, 1, 0, 23894, 1, 8, 0, drawer, 223.439957, 9, 260, -2379.750000, -959.613281, 1
efe, [, 1, 0, 0, 1, 0, -2, 0, 0, cough, 0.040591, -7, 2, 352.187500, 16000.449219, 0
362e, <, 0, 0, 0, 1, 101, -1, 23527, 1, duck, -1.501280, -99, 1, 11779.625000, 9.440430, 1
26, q, 0, 0, 0, 1, 2397, 30, 14, 1, floor, -0.000004, -1, 2020, -13845.687500, 0.306641, 1
2486, 3, 1, 0, 1, 1, 78, -69, 23, 0, shoes, -0.005692, -9, 93, -428.125000, 0.000977, 1
ba, 0, 1, 0, 0, 1, 60, -6, 9357, 1, need, 0.000003, 127, 3, 259.750000, -1.102539, 1
152b, U, 1, 0, 1, 1, 20, 62, 488, 1, polish, 0.366274, 0, 372, 0.000000, -0.001953, 0
3c2c, L, 1, 0, 1, 1, 191, 16, 2169, 1, chair, 0.003681, -12, 836, -0.125000, -0.010742, 0
0, X, 0, 0, 0, 0, 8, 7, 9, 0, egg, 0.077813, 0, 45755, -30.562500, 0.010742, 1
2, z, 0, 1, 1, 0, 51583, -13, 26700, 1, shape, 0.000287, 6, 101, -7.000000, 303.291016, 1
552, Z, 1, 0, 0, 1, 33, 3, 121, 0, feast, 0.047233, 0, 6, 0.375000, 822.513672, 1
51, (, 1, 0, 0, 0, 4934, 1, 0, 0, box, -1.002418, 0, 100, -1958.000000, 58.490234, 0
152b, v, 0, 0, 0, 0, 57881, 24, 19284, 1, polish, 0.000002, 0, 641, -0.125000, -0.001953, 0
3, 4, 0, 1, 1, 0, 6608, 4, 11800, 0, expert, 0.000000, 0, 30, 27.437500, -0.034180, 0
1, w, 0, 0, 0, 1, 16, 1, 0, 1, pig, -0.000000, -2, 11, 0.875000, -8385.376953, 1
3, h, 1, 1, 0, 1, 56, -28, 25, 1, suit, 1.708596, 0, 0, 1.125000, 0.059570, 1
62, O, 1, 1, 0, 0, 17, 0, 10430, 1, pain, -4.577743, -4, 88, 256869.500000, -0.076172, 0
3, %, 1, 0, 1, 0, 219, -12, 2854, 1, bomb, -0.002571, 5, 1, -588.250000, 57.578125, 0
d, m, 1, 0, 0, 1, 1282, -1, 126, 1, profit, 191.972946, -2, 4, -11563.312500, -0.000977, 1
a97, :, 1, 0, 1, 0, 51837, -1, 131, 0, porter, 0.000001, -31, 250, -2103.937500, 0.002930, 1
a, I, 1, 1, 0, 1, 477, 40, 1505, 1, light, 2.846508, 7, 3805, 5566.500000, 0.001953, 0
5, s, 0, 0, 0, 0, 3650, -15, 17410, 1, cats, -7.575945, 0, 5, 33711.500000, -0.017578, 0
366, z, 1, 0, 1, 0, 15561, 61, 2, 0, ice, -0.007353, -6, 57, -5384.250000, -498.897461, 1
1, X, 0, 1, 0, 0, 19, -1, 17372, 1, zoo, 0.000000, -11, 29016, -23.812500, 301.803711, 0
20, ~, 1, 1, 0, 1, 167, -14, 110, 1, window, -0.001288, -1, 2020, -38.187500, 0.306641, 0
6c, A, 0, 0, 1, 0, 1063, 3, 41, 1, yam, -13.819421, 58, 4, 118986.875000, -0.495117, 0
c, 2, 1, 0, 0, 0, 3858, -60, 19, 1, sticks, -0.007284, 3, 64668, -6.437500, -120.537109, 1
933, t, 1, 1, 0, 0, 1, 10, 2, 0, fifth, -0.000000, -19, 2529, 438.750000, -0.006836, 0
70, Q, 1, 0, 0, 0, 427, -78, 97, 1, rice, -0.235083, 3, 84, -11996.937500, 0.001953, 1
1b47, -, 0, 1, 0, 0, 4755, -122, 1, 0, book, 0.007101, -3, 2, -213.375000, -0.002930, 1
2, z, 0, 0, 0, 0, 12631, -2, 0, 0, shape, 0.000209, 6, 9, -0.062500, 2.594727, 1
3, |, 0, 1, 0, 1, 4906, 21, 129, 1, expert, 8.622203, -2, 118, 42598.062500, 1.036133, 1
0, H, 0, 0, 1, 1, 19, 6, 1397, 1, voice, -0.000001, -28, 4587, -6975.625000, -0.024414, 0
1fa, i, 1, 0, 1, 0, 3, -1, 4167, 0, weight, -17.373379, 81, 0, -0.062500, 0.005859, 1
6, i, 1, 0, 0, 0, 218, -8, 4, 1, base, -1.927904, 0, 253, 0.000000, 0.083984, 1
0, &, 1, 1, 1, 0, 1, -6, 10781, 1, care, 0.000350, -1, 0, 13314.187500, 0.003906, 1
efe, [, 1, 1, 0, 0, 0, 22, 75, 1, cough, -0.001696, 26, 904, 39.937500, -51393.179688, 1
65, 8, 0, 0, 1, 0, 87, 3, 10430, 0, cork, 2.120901, -28, 760, 0.125000, -0.208008, 0
6, i, 0, 0, 1, 1, 218, -62, 1218, 1, base, 0.000407, 0, 4, 0.000000, -0.014648, 0
0, ., 0, 1, 0, 1, 0, 4, 122, 1, band, -0.342740, 105, 17012, -46335.937500, -60.001953, 1
2486, F, 1, 1, 0, 0, 1, -12, 23, 0, shoes, 0.000313, 31, 915, 0.000000, 981.476562, 1
3b, 5, 0, 0, 0, 1, 30217, -4, 28155, 0, board, 0.001415, 8, 61657, 4.437500, -0.842773, 0
0, 5, 1, 0, 0, 0, 1, -38, 6086, 0, pencil, 0.000204, 5, 0, -10257.875000, 0.000000, 1
0, ., 0, 0, 1, 1, 0, 42, 3, 1, band, -0.342740, 105, 1, -46335.937500, 0.003906, 0
1, X, 0, 0, 0, 1, 19, -1, 1, 1, zoo, 0.030247, -11, 1503, -23.812500, -1.132812, 1
14f2, x, 1, 0, 0, 0, 5295, 47, 4, 1, border, 0.000000, -16, 11682, -553.500000, -243.533203, 1
45, k, 0, 1, 1, 1, 15774, 6, 127, 1, bottle, 0.005371, -1, 28800, 9333.187500, 996.945312, 1
0, B, 1, 1, 1, 0, 1388, -41, 8322, 0, birth, -0.000894, 1, 2, -6.250000, 171.197266, 1
a97, :, 1, 0, 1, 0, 51837, -1, 131, 0, porter, -0.001602, -31, 250, -2103.937500, 0.002930, 1
fd, u, 0, 1, 0, 0, 1, 0, 342, 1, yoke, -0.000039, 105, 30, 68382.687500, -0.175781, 0
84, o, 0, 0, 1, 1, 43922, -26, 0, 1, mark, -0.000002, 0, 2237, 0.750000, -0.001953, 1
19, w, 0, 0, 0, 0, 5500, -108, 3988, 0, lead, 0.000107, -8, 823, 15479.312500, 22547.675781, 1
1fc7, _, 1, 1, 1, 1, 2, -31, 1, 1, flower, 0.092187, -1, 2720, 125.062500, -0.786133, 1
78, ^, 1, 0, 0, 1, 3698, 122, 2391, 0, polish, 0.000363, 0, 2470, 0.187500, -0.162109, 1
5, |, 1, 0, 1, 0, 41, 31, 75, 0, sheet, -10.594723, 0, 0, -0.062500, 0.008789, 1
0, &, 1, 0, 0, 0, 114, 6, 3227, 1, tree, 0.000000, 53, 54296, -40931.187500, 149.550781, 1
3, f, 1, 1, 0, 1, 518, 78, 1463, 1, work, -0.000049, 48, 9, -50.062500, 0.428711, 0
0, 7, 1, 1, 1, 0, 481, 0, 38, 0, coach, 48.135567, -14, 15, -0.500000, 0.051758, 1
265, I, 0, 0, 0, 1, 2, 0, 18502, 0, wheel, -55.962780, 0, 0, -0.062500, -4529.175781, 1
a, t, 1, 1, 0, 0, 2891, 40, 113, 0, light, 29.779715, 61, 3805, 1019.187500, 0.004883, 1
29, _, 0, 0, 0, 1, 2, -1, 0, 0, grip, 0.005885, -1, 0, -8356.562500, -0.098633, 0
4a, |, 0, 0, 0, 0, 4934, 11, 20819, 0, test, -0.000058, 0, 0, -0.062500, -29768.562500, 1
1, &, 1, 0, 1, 1, 586, 2, 189, 1, bubble, 0.000000, 6, 2, -0.125000, 2.557617, 1
d, m, 1, 0, 1, 1, 1990, -1, 4673, 1, profit, -0.000028, -21, 3, 184984.687500, 14260.642578, 1
0, F, 1, 0, 0, 1, 280, 22, 1066, 1, record, -0.000001, 2, 0, -12.125000, 0.135742, 1
184, E, 0, 1, 0, 0, 115, 1, 974, 0, whip, -0.000736, -106, 24, 0.125000, 413.222656, 0
18, !, 1, 1, 1, 1, 26603, -10, 5, 0, prison, 0.000772, 17, 32274, 100.562500, 707.811523, 1
1ef9, 1, 1, 1, 0, 1, 0, -10, 477, 1, drawer, -0.008304, 7, 32647, 5.125000, 513.755859, 0
3b, I, 0, 1, 1, 1, 30217, -4, 2597, 0, board, -0.000002, 8, 68, 4.437500, -0.842773, 0
7a5, }, 1, 1, 1, 0, 1324, 3, 4372, 1, rate, 3.147452, 0, 7591, -97.000000, 649.305664, 0
c1, @, 0, 1, 0, 0, 84, -15, 747, 1, cellar, 1.000000, -2, 3993, -108.562500, -28405.392578, 1
a, #, 0, 0, 0, 1, 3, -42, 0, 1, steam, -0.113140, 30, 3252, 1.312500, -0.001953, 0
3, |, 1, 1, 0, 0, 4906, 21, 129, 1, expert, 0.000000, -2, 118, 42598.062500, 1.036133, 0
6c, |, 0, 0, 1, 1, 1063, -4, 41, 0, yam, -5.617412, -28, 760, 118986.875000, 7322.884766, 0
92, y, 1, 1, 0, 1, 3, -42, 16143, 0, sheet, -0.008878, -8, 3978, 30273.875000, -21.444336, 0
19, 5, 0, 1, 0, 0, 5, -4, 7, 1, face, -0.622940, -4, 989, -19437.750000, 39444.527344, 0
2bf, I, 1, 0, 1, 1, 14, 53, 1014, 1, school, 0.000000, 6, 7524, 21.750000, 0.237305, 0
3, %, 0, 0, 1, 1, 1682, -3, 245, 0, bomb, 0.012954, 5, 0, 0.187500, -13.680664, 1
32, a, 0, 0, 0, 0, 2835, 68, 2170, 1, dock, 0.000005, 0, 304, -0.062500, 1409.593750, 1
0, x, 1, 1, 1, 0, 0, 29, 7384, 1, mitten, -0.041797, 8, 31676, -193.562500, -3413.037109, 1
f, w, 0, 1, 0, 1, 0, -127, 1122, 0, silver, 0.000003, -106, 8, -875.062500, 0.004883, 1
38a1, t, 1, 0, 1, 0, 14, -8, 1, 0, change, -0.000001, 0, 1, -0.125000, -0.010742, 0
1d, h, 1, 0, 1, 1, 5381, 1, 0, 0, rifle, -0.000002, 22, 7, 70.125000, -30.917969, 1
265, v, 0, 1, 0, 0, 3, -2, 4167, 0, change, -17.373379, -1, 138, 1773.375000, -0.852539, 1
e, $, 1, 1, 0, 0, 61, -1, 0, 1, tail, -0.000012, -115, 20368, 0.687500, 29.845703, 1
e6a, 3, 1, 1, 0, 0, 11, 0, 7262, 0, houses, 0.001858, -9, 2229, -0.250000, 2.976562, 0
1d, h, 0, 1, 1, 1, 1, -1, 18055, 1, size, -0.000001, -2, 1, 220.312500, -315.918945, 1
1ef9, 1, 1, 1, 1, 1, 0, 0, 1020, 0, drawer, 0.007524, 7, 6362, 5.125000, -741.318359, 0
e6a, &, 1, 1, 1, 1, 11, 12, 5, 0, houses, 0.001858, -9, 2229, -0.250000, 2.976562, 1
2, $, 1, 1, 1, 0, 6, -55, 14, 0, degree, -0.004312, -2, 7, 2.750000, 2.786133, 1
33b, X, 1, 0, 1, 1, 3, 0, 7078, 0, tank, 0.387320, -68, 25, -256441.125000, 468.770508, 1
8f, =, 0, 1, 0, 1, 43922, -113, 0, 0, home, 0.000053, 2, 6496, 60732.750000, -0.306641, 1
270, _, 1, 0, 0, 0, 33, 58, 101, 1, market, 55.143051, 6, 4, 35.000000, -3.560547, 1
c, P, 0, 0, 0, 0, 31914, 5, 1893, 1, paste, 0.018722, -2, 38460, 0.000000, 0.001953, 0
1, w, 0, 0, 0, 1, 16, -59, 0, 1, pig, -0.000000, -2, 6633, 0.875000, 3022.104492, 1
3d, E, 1, 1, 1, 0, 13350, 22, 2, 1, toad, 0.005371, -9, 0, 6.562500, 2.174805, 1
12, ?, 0, 0, 1, 1, 60, 7, 1078, 0, thumb, -0.000005, 0, 10323, -8.812500, 43.935547, 0
e01, 1, 1, 1, 1, 0, 3448, 37, 645, 0, pets, -0.009825, -9, 30, 0.062500, -1.956055, 1
35, (, 0, 1, 1, 1, 33000, 0, 0, 0, lunch, -0.101597, 5, 297, -5.000000, -7891.415039, 0
0, I, 0, 0, 1, 0, 80, -32, 716, 1, beast, 13.517833, -63, 12, -117259.437500, 0.144531, 1
6a4, b, 1, 1, 1, 1, 52, 3, 1478, 1, nose, -0.000005, -15, 100, -3251.000000, 43.957031, 1
933, t, 1, 0, 1, 1, 1, 10, 8970, 0, fifth, -0.000036, 30, 48, 17337.062500, -0.006836, 0
15, p, 1, 1, 1, 0, 2, 1, 20798, 0, legs, -1.859488, -128, 3853, 511.687500, 0.003906, 1
933, :, 1, 0, 0, 1, 2, 0, 6453, 0, fifth, -0.005678, -19, 250, 438.750000, -0.006836, 1
1d, ], 0, 0, 0, 0, 1502, 10, 13, 0, spark, -1.261430, 0, 1269, 230.625000, 0.001953, 1
0, I, 0, 0, 1, 1, 80, 42, 46, 1, band, -0.342740, 105, 1, -46335.937500, 0.003906, 0
1c51, ), 1, 1, 0, 1, 5, -59, 0, 0, pig, -0.000015, -7, 990, -0.875000, -1986.663086, 1
0, ?, 0, 0, 0, 1, 3, -4, 2, 1, income, -0.002858, 7, 37, -262126.437500, -477.691406, 1
6, i, 1, 0, 0, 1, 218, -62, 7, 1, base, 0.029487, -8, 14, 0.000000, 0.008789, 0
3d, ;, 0, 0, 1, 1, 13350, 0, 127, 0, toad, 0.005371, -1, 28800, 6.562500, 3.724609, 1
2486, F, 1, 1, 0, 1, 1, -1, 27935, 0, shoes, -0.631200, 31, 2, 0.000000, 981.476562, 1
72, a, 0, 0, 1, 0, 201, 113, 3000, 0, motion, -0.000000, -5, 0, 3.312500, 0.005859, 1
e, <, 0, 1, 1, 1, 19950, 0, 163, 0, tail, 0.003678, 0, 398, -45825.062500, -0.000977, 1
0, 5, 0, 0, 1, 1, 15551, 43, 15074, 1, snail, -0.304567, 0, 106, -1.500000, 1478.567383, 0
1b47, v, 0, 1, 1, 1, 390, -2, 2, 1, book, 0.000002, -3, 10953, 10062.062500, -0.002930, 0
6f3, v, 0, 0, 1, 1, 1612, 0, 505, 1, glue, 0.005031, 0, 63575, 38946.625000, 3964.083008, 1
2, 9, 0, 1, 1, 0, 3409, 11, 11, 1, title, 0.007654, 0, 25660, -6.750000, 0.333984, 1
77, o, 1, 0, 1, 0, 101, -7, 1, 0, join, -254.114685, -1, 4445, 3.312500, -4.901367, 1
1, &, 1, 1, 0, 0, 10, -15, 4, 1, bubble, 0.000113, 8, 2, -25685.500000, 2.557617, 0
3, R, 1, 1, 1, 1, 56510, -31, 1, 1, pocket, 0.000024, -1, 23594, 0.625000, 0.000977, 0
0, A, 0, 1, 0, 0, 31321, -32, 13, 0, beast, -0.000721, -1, 6115, -12.000000, -0.037109, 0
0, x, 1, 0, 0, 1, 0, 29, 7384, 1, mitten, -0.041797, 6, 1, -193.562500, -3413.037109, 0
2, k, 0, 1, 1, 0, 57, 5, 37, 1, mitten, 0.447214, -1, 4041, -19.312500, -47409.468750, 0
345, z, 1, 0, 0, 0, 92, -26, 2995, 0, robin, -0.000629, -6, 150, -5384.250000, 14.654297, 0
153, P, 0, 0, 0, 1, 50, 1, 30286, 1, police, -0.000009, 26, 21, -0.187500, -0.093750, 0
1166, n, 0, 1, 0, 1, 6, -2, 128, 1, trees, 0.022135, 14, 1591, -345.000000, 0.038086, 1
265, &, 0, 1, 0, 0, 33, -4, 43, 0, wheel, -55.962780, 0, 0, 35.000000, -3.560547, 1
29, I, 1, 1, 1, 1, 2, 85, 565, 0, grip, 0.088452, 0, 17, -245055.125000, 22.401367, 0
7e, &, 1, 1, 0, 1, 0, -2, 114, 0, place, 0.000159, 0, 1056, -4317.625000, -693.791016, 1
0, #, 1, 0, 0, 0, 20563, -7, 0, 1, pencil, 0.000204, 5, 664, -281.375000, -0.963867, 1
0, 5, 0, 0, 1, 0, 15551, -1, 15074, 1, snail, -0.304567, 0, 58032, -1.500000, -60.773438, 1
3d, 5, 1, 0, 1, 1, 1692, -1, 192, 0, bike, 0.054441, 63, 0, 4.437500, -0.831055, 0
1, &, 1, 1, 1, 1, 1639, -59, 9, 1, yoke, 0.000000, 37, 6633, 16.937500, -0.009766, 1
79, ^, 1, 1, 1, 1, 3698, -2, 3, 0, root, 0.000363, -3, 2470, -4317.625000, 17.429688, 1
3, ], 0, 1, 1, 1, 56, 3, 16, 0, suit, 1.708596, -3, 0, 1.125000, -19.735352, 0
efe, [, 0, 0, 0, 0, 0, 22, 75, 0, cough, -0.008689, -7, 13535, 352.187500, -0.000000, 0
a, g, 0, 1, 0, 1, 1, 15, 0, 0, light, -0.000004, 3, 0, 0.000000, 0.001953, 0
29, I, 0, 1, 1, 1, 2, 85, 146, 0, grip, -0.000006, 0, 17, -245055.125000, 48.062500, 0
0, i, 0, 1, 1, 1, 114, -6, 8, 0, tree, 0.000095, 14, 11530, -40931.187500, -14.475586, 0
366, ), 0, 0, 1, 0, 15561, 61, 2, 0, ice, 0.912350, 0, 14, 30831.500000, 424.975586, 0
5, |, 1, 1, 1, 1, 3, 39, 30, 1, class, -1.738416, 0, 128, 17.687500, -2286.391602, 0
15, p, 1, 1, 1, 0, 2, 0, 20798, 0, legs, -0.000924, -128, 3853, 511.687500, -122.853516, 1
31b, G, 1, 1, 1, 0, 1182, -3, 5, 1, kitten, -0.000000, -15, 3626, -0.687500, -55552.710938, 1
9, w, 1, 1, 1, 0, 0, -11, 13, 1, mint, 0.000026, -88, 11580, 0.187500, 5377.115234, 0
38a1, I, 0, 0, 0, 1, 14, -8, 118, 1, change, -0.000001, 0, 14, -0.125000, -0.006836, 0
35, B, 0, 1, 1, 1, 109, 1, 5682, 0, lunch, -0.000039, -12, 297, 66.000000, 0.008789, 0
7f8, /, 0, 0, 0, 1, 59, -2, 514, 1, brain, -0.000001, 3, 960, 0.687500, -492.820312, 1
62, (, 1, 0, 1, 0, 2335, 77, 10430, 1, pain, -4.577743, -4, 88, 256869.500000, 0.000000, 1
f, Q, 0, 1, 0, 0, 0, 59, 1122, 1, silver, -0.000004, -7, 8, -875.062500, 14.600586, 1
0, X, 1, 1, 0, 0, 8, 0, 0, 0, egg, 0.077813, 0, 15, -30.562500, 0.010742, 0
ba, T, 0, 0, 0, 0, 60, -6, 0, 1, need, 0.000000, 6, 82, 1570.062500, -1.102539, 1
6f3, T, 1, 0, 0, 1, 1612, 0, 0, 1, glue, 202.158051, -29, 190, -774.812500, 0.000000, 1
2486, F, 1, 0, 0, 0, 42, -69, 23, 0, shoes, -0.000013, -35, 915, 78066.187500, 4112.504883, 1
0, B, 0, 0, 1, 1, 1388, 0, 8322, 0, birth, -0.201452, 0, 101, 3.437500, 0.005859, 1
153, L, 0, 0, 0, 0, 231, 1, 26, 1, police, -0.000009, -1, 21, -0.187500, -6757.288086, 1
7248, Y, 1, 1, 1, 0, 4, -4, 1, 0, jar, -0.000001, 0, 7, -860.250000, -11445.105469, 1
4e6, H, 1, 0, 0, 1, 2121, -1, 0, 1, cough, -0.000010, -53, 12996, -105792.812500, -8.729492, 1
6, #, 1, 1, 0, 0, 22685, -8, 10, 0, blow, 0.168632, 13, 322, 7586.687500, 0.083984, 0
16e7, Q, 1, 1, 1, 0, 1699, 1, 9399, 1, canvas, -0.000000, -62, 0, -3.125000, -0.006836, 0
1a, Y, 0, 1, 0, 1, 3361, -56, 17847, 1, square, 38.680500, -89, 1102, -4.687500, 0.017578, 0
84, o, 0, 1, 1, 1, 43922, 0, 55, 1, mark, -0.000002, 0, 0, 0.750000, -0.060547, 1
3, o, 0, 1, 0, 0, 35, -1, 12620, 1, rod, -2.239840, 0, 6264, -186851.062500, 0.743164, 1
0, 2, 1, 1, 0, 0, 3, 12, 9, 0, egg, 0.004422, 0, 45755, -262126.437500, 0.010742, 1
fd, t, 0, 1, 1, 1, 10, 19, 19267, 0, yoke, -0.000039, 105, 30, -0.062500, -0.175781, 0
120, ., 0, 0, 0, 1, 652, 3, 2, 1, lamp, 0.980060, 0, 2, -12116.375000, 0.002930, 0
31b, F, 1, 1, 0, 0, 1182, 8, 13, 1, kitten, -0.029470, 8, 4, 3.750000, -0.001953, 1
52d, O, 0, 1, 1, 0, 16, -102, 2, 1, hole, 0.838862, 0, 9430, 1.187500, 1609.796875, 1
29, _, 1, 0, 1, 1, 2, -1, 0, 0, grip, 0.005885, -1, 0, -245055.125000, -0.098633, 0
48, n, 0, 0, 1, 1, 508, -6, 0, 1, farm, -3.169443, -1, 2554, -198.437500, 2.263672, 1
3, %, 0, 0, 1, 1, 1682, 11, 370, 0, bomb, 0.708760, 5, 25660, 0.187500, 0.333984, 1
1db, p, 0, 0, 1, 0, 28443, -8, 209, 0, engine, 0.000000, 1, 44, 1467.187500, 6.227539, 0
3b, D, 0, 1, 1, 1, 316, -4, 2597, 1, board, -0.000002, -2, 9839, 0.000000, -0.842773, 0
1166, n, 0, 1, 0, 1, 6, -2, 128, 1, trees, 0.000331, 14, 1591, -345.000000, -10764.618164, 0
d57, D, 1, 0, 0, 1, 6983, 10, 7709, 1, ink, -0.009825, 0, 0, -1.875000, 0.001953, 1
3, ], 1, 1, 0, 0, 56, -1, 6013, 0, suit, -0.000014, 0, 0, 1.125000, 0.962891, 1
127, H, 0, 0, 0, 0, 15, -60, 4835, 0, duck, 0.112889, 89, 1388, -80448.812500, -33.728516, 0
fd, >, 1, 1, 1, 0, 531, 0, 4498, 0, cause, 0.034609, 4, 43, 11638.375000, 0.293945, 1
1, ^, 0, 1, 1, 0, 433, -2, 27836, 0, need, -2.008272, 7, 1, 0.187500, -0.000977, 0
27e0, V, 1, 0, 1, 1, 57, 0, 23, 0, shape, 0.000055, 59, 29072, 3.500000, 4.071289, 0
a, I, 1, 1, 1, 0, 15, 40, 2, 0, light, -46.979256, 7, 3805, 5566.500000, 0.010742, 1
0, 0, 1, 1, 0, 0, 114, -1, 808, 1, tree, 4.512063, -4, 11530, -40931.187500, 1.630859, 0
0, B, 0, 0, 1, 1, 1388, -33, 8322, 0, birth, -226.165726, 0, 14, 3.437500, -115.672852, 1
12, ?, 0, 0, 1, 1, 60, 92, 4, 0, thumb, 0.000002, 0, 12435, -8.812500, -120.771484, 0
1166, <, 1, 1, 0, 1, 37278, 0, 14, 1, trees, -0.000010, -7, 5227, -553.500000, 0.038086, 1
105f, _, 1, 1, 0, 0, 767, -113, 4625, 1, woman, 0.000001, -78, 0, 1.312500, -13.939453, 1
51, (, 0, 0, 0, 0, 4934, 1, 0, 1, box, -0.000002, 0, 28, -1958.000000, 58.490234, 1
3d1, r, 0, 0, 1, 0, 3, -34, 5, 0, ground, 0.071221, -2, 21, -1.125000, 0.090820, 0
1, =, 1, 0, 0, 0, 0, -1, 4596, 0, month, 0.002387, -20, 7, 2016.187500, 0.166992, 0
79, ^, 1, 0, 1, 1, 3698, 0, 18935, 0, root, 0.000363, -3, 2470, -4317.625000, -4.901367, 1
3, h, 1, 1, 0, 1, 518, -28, 3, 1, work, 1.708596, 0, 0, 1.125000, 0.428711, 0
1086, >, 1, 0, 1, 1, 233, 26, 6, 0, voice, 0.000006, -1, 6, -0.250000, 45.691406, 0
35b0, :, 0, 1, 1, 0, 962, -2, 42, 1, pin, -0.004801, -5, 0, 2.250000, 562.333008, 0
6a4, b, 0, 0, 1, 1, 52, 10, 70, 1, nose, -0.499604, -15, 100, -3251.000000, 43.957031, 1
0, i, 0, 1, 1, 1, 114, -6, 808, 0, tree, 4.512063, 14, 11530, -40931.187500, -14.475586, 1
933, =, 0, 1, 1, 1, 8652, 0, 15157, 0, fifth, 0.000008, 5, 2282, 17337.062500, 46705.257812, 0
32, a, 0, 0, 0, 1, 0, 0, 15896, 1, dock, 0.000431, 0, 304, -0.062500, 335.791992, 0
6f62, l, 1, 1, 1, 1, 33, 3, 26, 1, engine, 0.000000, -63, 12, -198770.312500, -55.001953, 1
d, m, 1, 0, 1, 1, 168, -1, 8, 1, quince, -0.000028, -21, 4, 184984.687500, 14260.642578, 1
f, Q, 1, 1, 0, 0, 0, 59, 0, 1, silver, -0.000004, -7, 8, -875.062500, 14.600586, 1
184, <, 1, 1, 0, 0, 12, -51, 2, 0, whip, -0.258636, 18, 22352, -539.375000, -1.206055, 1
7f8, v, 1, 0, 0, 0, 59, -15, 69, 1, brain, -0.000015, 9, 42042, 43407.375000, -1589.735352, 1
d, 6, 0, 0, 0, 0, 168, -1, 15, 0, quince, 0.500339, -12, 5, 6.062500, -0.000977, 0
8f, K, 0, 1, 0, 0, 43922, -46, 93, 1, home, 0.000053, 2, 6496, 60732.750000, -0.306641, 0
1dfe, r, 0, 1, 1, 1, 29669, 0, 1020, 0, coast, -0.248367, 2, 1, 10.062500, 0.000000, 0
127, 3, 0, 1, 0, 0, 15, 0, 11742, 1, duck, -0.042241, 2, 15, -80448.812500, -0.257812, 1
552, Z, 0, 1, 0, 1, 33, 1, 35, 0, feast, 0.496419, 5, 6, 0.375000, -0.747070, 1
1fc7, K, 1, 1, 1, 0, 2, 2, 11627, 0, flower, -0.376956, -1, 2720, -240.312500, 18785.177734, 1
4, p, 1, 1, 0, 1, 78, -1, 18, 1, love, 0.000844, 0, 1850, 7.250000, 521.143555, 0
2, c, 1, 0, 0, 1, 211, 0, 1, 1, coach, 0.000002, 1, 1503, 0.062500, -4071.639648, 1
51, (, 0, 0, 0, 0, 4934, -88, 0, 0, box, 6.894721, -2, 100, -1958.000000, 58.490234, 0
6, i, 1, 0, 0, 1, 218, -62, 1593, 1, base, 0.000407, 0, 4, 0.000000, -0.014648, 1
12, c, 1, 0, 1, 1, 61927, 92, 4, 0, thumb, 0.000002, -8, 0, -7435.312500, 0.000000, 1
1d4, -, 0, 0, 0, 0, 159, -31, 7, 0, copy, -0.305207, -29, 15228, -25456.875000, -1.200195, 1
127, B, 0, 0, 1, 1, 15, 1, 0, 0, duck, 0.014108, 0, 15, -80448.812500, -0.257812, 0
8, V, 0, 1, 0, 1, 2, 28, 2899, 1, wall, -0.170019, 15, 260, -0.562500, -959.613281, 1
0, C, 1, 1, 0, 1, 47, -40, 520, 1, shoe, 6.105048, -1, 9, -0.062500, 0.005859, 0
6b49, -, 1, 0, 0, 0, 3428, 43, 5, 1, temper, -0.000015, 0, 120, 0.000000, -0.965820, 1
343, 2, 0, 1, 0, 0, 49, -19, 5086, 1, parcel, -0.080040, -2, 0, -3.625000, -7.080078, 0
7a5, A, 1, 0, 0, 0, 1324, 1, 126, 1, rate, -0.000001, 0, 7591, -84890.750000, -56.106445, 1
f, l, 1, 0, 1, 0, 3992, -1, 0, 0, snake, -0.000000, -7, 958, 0.062500, 0.202148, 1
0, !, 0, 0, 1, 0, 4111, -1, 5, 0, vein, -0.402919, -73, 11921, -0.125000, 0.000977, 0
5a, 7, 1, 0, 0, 0, 4, 1, 16152, 1, verse, 0.000000, -2, 44, -1958.000000, -206.270508, 0
45, k, 0, 1, 1, 1, 15774, -1, 14, 0, bottle, -0.001390, 53, 4060, 9333.187500, 996.945312, 0
4, 2, 0, 1, 0, 0, 1883, -1, 213, 1, baby, 0.468386, -5, 1, -0.062500, 4.014648, 0
65fb, ., 0, 0, 0, 0, 94, 6, 21612, 0, story, -0.000000, 2, 15049, 0.937500, -9.511719, 1
7f8, t, 0, 0, 1, 1, 59, -2, 2, 1, brain, 8.277740, 3, 960, 0.687500, 0.242188, 1
3b4, =, 1, 1, 0, 1, 12192, 27, 12481, 1, humor, -0.001062, -15, 21, 0.375000, 0.000000, 1
21fe, u, 0, 1, 0, 1, 1, -53, 1769, 0, houses, 208.036697, -1, 4, 7184.875000, -287.492188, 1
45, k, 0, 1, 1, 1, 15774, 6, 14, 1, bottle, -0.001390, -27, 28, 9333.187500, 996.945312, 0
1c, O, 1, 1, 0, 1, 83, -20, 207, 1, order, 0.000442, -122, 0, -0.312500, -8185.672852, 1
0, x, 1, 1, 0, 0, 47, 86, 1, 1, shoe, -0.000443, -6, 9, -0.062500, 0.005859, 0
c, X, 0, 1, 0, 0, 3780, -1, 3, 1, paste, -0.000003, 5, 18, -0.562500, -0.048828, 0
3d1, 2, 1, 0, 1, 1, 12192, -2, 12481, 1, ground, 0.000045, -2, 55660, -1.125000, -2.178711, 1
1, A, 1, 1, 0, 0, 10, -1, 4, 1, bubble, 0.000113, -34, 1, -250897.375000, -23.553711, 0
1d, >, 0, 1, 0, 0, 83, -20, 0, 1, rifle, -0.000000, -122, 0, -0.312500, 879.365234, 1
6a4, M, 1, 0, 1, 0, 372, 3, 1478, 1, nose, 0.000001, -15, 1, 150692.562500, 28272.253906, 0
f, Q, 1, 1, 0, 1, 0, 59, 3, 1, silver, 0.000000, -7, 8, -875.062500, 14.600586, 1
177, P, 1, 0, 1, 1, 230, -32, 30286, 1, house, -0.068858, 0, 29660, -858.062500, -0.093750, 0
15, p, 1, 0, 0, 0, 2, 0, 5081, 0, legs, -0.000924, -128, 16, 511.687500, 0.083984, 1
fd, y, 1, 0, 1, 0, 531, 62, 36, 1, cause, 0.034609, -107, 43, -19781.437500, -30.431641, 0
7, h, 1, 1, 1, 1, 23894, 1, 0, 0, drawer, 223.439957, 0, 23533, -2379.750000, -5.238281, 1
353c, u, 1, 1, 1, 0, 0, 0, 0, 0, yarn, -3.129572, -26, 7, 23747.937500, 0.572266, 1
19, F, 1, 1, 1, 1, 102, -44, 599, 0, card, 29.581188, -1, 91, -9350.687500, 151.859375, 0
8, v, 1, 1, 0, 0, 2, 28, 1, 0, wall, 0.000026, -88, 260, -0.562500, -959.613281, 1
36, (, 0, 1, 1, 0, 33000, -1, 0, 0, kiss, 0.001414, 5, 24400, -5.000000, -4764.867188, 1
0, S, 0, 1, 0, 0, 6319, 0, 8, 0, pencil, -0.094718, -1, 466, 259462.812500, 1410.181641, 0
e, i, 0, 0, 1, 0, 2900, -1, 3891, 0, kettle, -0.006858, -1, 2, 0.437500, -119.916992, 1
0, F, 1, 0, 0, 1, 280, 22, 6630, 1, record, -0.000001, 2, 0, -12.125000, 0.135742, 1
a, #, 0, 0, 0, 1, 3, -42, 38, 1, steam, -0.113140, 30, 3252, 1.312500, -0.001953, 0
2d8, 8, 0, 0, 0, 0, 404, -4, 1884, 1, move, 22.569378, -16, 0, -43.687500, -0.704102, 1
19, !, 1, 1, 1, 1, 45111, -10, 599, 0, card, 29.581188, -1, 91, -9350.687500, 707.811523, 1
65fb, <, 0, 0, 0, 1, 94, 0, 1065, 1, story, 0.000138, -32, 18, 0.937500, -946.861328, 1
362e, 1, 1, 1, 0, 0, 101, 2, 123, 1, duck, 0.006152, 1, 1, 11779.625000, 1.000000, 0
184, <, 1, 1, 0, 0, 12, -51, 2, 0, whip, -0.258636, 18, 22352, -539.375000, 0.788086, 1
1, =, 1, 0, 0, 0, 45, 68, 0, 0, month, 21.444485, -20, 3442, 2016.187500, 0.166992, 1
1d, >, 0, 1, 1, 1, 5381, 1, 0, 0, rifle, -0.000000, 22, 7, -222163.375000, 879.365234, 1
78, ;, 1, 0, 0, 0, 26618, -22, 18935, 1, polish, 0.827731, 14, 36, 86.250000, -4898.680664, 1
501, o, 1, 0, 0, 0, 16, -102, 24, 1, crown, -3.077137, 0, 9430, -19.125000, 1609.796875, 0
1772, >, 0, 1, 1, 0, 1815, 0, 7, 1, leaf, -1.520984, -8, 93, 0.062500, -2.464844, 0
0, D, 0, 1, 1, 1, 17158, -83, 45, 1, loss, -1.426792, 58, 3, 90409.750000, -477.691406, 0
1, m, 1, 0, 1, 1, 0, 48, 3393, 0, clover, -0.091253, -2, 4, -0.187500, -43606.675781, 1
c, P, 0, 1, 0, 0, 379, 5, 3, 1, paste, -0.000003, 5, 2500, -0.562500, 0.250000, 1
c, P, 1, 1, 1, 0, 31914, -80, 9196, 1, sticks, 0.018722, -25, 29865, -0.812500, -120.537109, 1
2, <, 1, 1, 0, 0, 69, 28, 13, 1, shape, -0.000043, 6, 2420, -0.062500, 29.182617, 0
7a5, /, 1, 1, 0, 1, 0, 1, 514, 1, rate, 1.192467, -6, 10, 20.187500, -492.820312, 1
e, i, 0, 0, 0, 1, 2900, -1, 3891, 0, kettle, 0.010309, -64, 2, 0.437500, 400.838867, 0
2, k, 0, 1, 0, 1, 57, -86, 37, 1, mitten, -0.000000, -13, 18, -19.312500, -47409.468750, 0
29, I, 0, 1, 1, 1, 2, 85, 12, 0, grip, 0.005885, 0, 17, -245055.125000, 22.401367, 1
d, m, 0, 1, 0, 1, 1282, -1, 126, 1, profit, -0.000028, -2, 43719, -11563.312500, -0.267578, 1
0, x, 0, 1, 0, 1, 47, -40, 1717, 1, shoe, -0.038542, -1, 9, -0.062500, 0.005859, 0
0, 0, 1, 1, 0, 0, 173, 1, 1, 1, cannon, -0.000023, -62, 0, 5.750000, 188.838867, 0
153, P, 1, 0, 0, 1, 50, 1, 3885, 0, police, -0.000000, 0, 3, -138010.187500, -0.007812, 1
6c7, x, 1, 1, 1, 0, 1612, -8, 505, 0, spoon, -0.000002, -78, 216, -0.062500, -15435.285156, 1
65fb, <, 0, 1, 1, 1, 94, 6, 1065, 1, story, -0.000000, 1, 38, 0.937500, 1.000000, 1
e01, 1, 1, 1, 1, 0, 11, 37, 0, 1, pets, 0.003986, -9, 30, 13693.875000, 0.360352, 0
77, a, 1, 0, 0, 0, 101, 8, 7580, 0, join, -254.114685, -5, 801, 3.312500, -4.901367, 0
3aa, P, 0, 0, 1, 0, 1, 61, 2, 0, toes, 0.466545, 0, 159, 30831.500000, -0.004883, 1
1ef9, 1, 1, 1, 0, 0, 2, -10, 477, 1, drawer, 0.092187, -1, 32647, 5.125000, 513.755859, 0
0, S, 0, 0, 0, 0, 6319, 20, 8, 0, pencil, 0.000009, 0, 664, 259462.812500, 1410.181641, 0
c3, 1, 1, 0, 0, 0, 2, 34, 4047, 1, drain, -0.000007, -88, 10, -72527.312500, 0.014648, 1
3, ], 0, 1, 1, 0, 56, 3, 12620, 0, suit, -0.000014, -3, 0, 1.125000, -19.735352, 0
366, ), 0, 0, 1, 0, 15561, 61, 7865, 0, ice, 0.912350, 0, 14, 30831.500000, 424.975586, 0
345, d, 0, 1, 0, 1, 92, -6, 2995, 0, robin, -0.000012, 2, 0, 5542.875000, -0.031250, 1
1fa, i, 1, 0, 0, 0, 28, -1, 2, 0, weight, 0.000253, 81, 0, -0.062500, 0.005859, 1
e4, g, 0, 1, 1, 0, 3, -2, 113, 1, island, -0.000015, -14, 8013, 7.187500, -8600.289062, 0
e6c, G, 1, 0, 0, 1, 1873, -1, 1223, 0, cart, -0.000154, -1, 321, 1.437500, -0.183594, 0
fd, a, 1, 1, 1, 0, 531, -27, 1, 1, yoke, -0.000000, 4, 28, 11638.375000, 0.293945, 0
0, F, 1, 0, 0, 1, 280, -31, 3, 1, record, -139.862671, 2, 0, -12.125000, 3.479492, 0
c3, 1, 1, 0, 0, 1, 2, -12, 22, 1, drain, -0.055200, -88, 10, -72527.312500, -0.000000, 1
1, ^, 1, 1, 1, 0, 433, -2, 1590, 0, need, 0.000527, 7, 1, 0.187500, -0.000977, 0
f, w, 0, 1, 1, 1, 5, -127, 1122, 0, muscle, -0.001532, -106, 143, 999.000000, 0.004883, 1
0, x, 1, 1, 1, 1, 0, 29, 7384, 1, mitten, -0.001925, 8, 31676, -193.562500, -3413.037109, 1
45, c, 0, 0, 0, 1, 1, -1, 25102, 1, crack, -0.000418, 23, 242, -198.437500, 1118.567383, 1
d57, D, 1, 0, 0, 0, 6983, 10, 1502, 1, ink, 0.007540, 0, 0, -1.875000, 0.001953, 0
e, $, 1, 1, 1, 1, 61, 0, 163, 1, tail, -0.000012, -1, 398, -45825.062500, 0.000977, 0
a, I, 0, 1, 0, 0, 477, -2, 1505, 1, light, -0.317386, 0, 1, 23005.250000, 0.001953, 1
26, q, 1, 0, 1, 1, 2397, 29, 52, 0, floor, 0.000002, -6, 19264, -13845.687500, 12421.784180, 0
e6a, 6, 1, 0, 1, 1, 0, 12, 5, 0, houses, -0.002549, 1, 34, 192.500000, -473.117188, 1
16e7, v, 1, 1, 0, 0, 1699, -18, 19284, 1, canvas, -0.000249, -62, 641, -3.125000, -52.268555, 1
19, [, 1, 0, 0, 0, 13, -15, 1, 1, death, 147.744049, -17, 91, 0.625000, -2232.247070, 1
3d1, r, 0, 0, 1, 0, 3, -34, 5, 0, ground, -0.000934, -2, 12, -1.125000, 0.090820, 0
5a, 7, 1, 0, 0, 0, 4, 0, 16152, 1, verse, 0.000000, -2, 44, -1958.000000, -206.270508, 0
1c51, ), 1, 1, 0, 1, 4755, 14, 1, 0, pig, 0.007101, -3, 2, 1.000000, -0.000977, 1
6, #, 1, 1, 0, 0, 22685, -8, 2, 0, blow, 0.168632, 13, 322, 7586.687500, 0.083984, 0
1e, v, 0, 1, 0, 0, 11493, 52, 63, 1, face, -0.192311, 0, 52329, 27916.062500, -61.342773, 1
1, m, 0, 0, 1, 0, 0, -1, 4, 1, clover, 0.000113, -2, 2728, -0.187500, -43606.675781, 1
1086, =, 0, 0, 1, 0, 233, 26, 13139, 0, voice, 186.715820, 1, 159, -0.250000, 53650.027344, 0
a97, *, 1, 1, 1, 1, 51837, -1, 9, 0, porter, -0.001602, 111, 15855, -2103.937500, 336.056641, 1
2bf, g, 0, 0, 1, 1, 14, 58, 1014, 1, school, 0.000000, 13, 7524, 21.750000, -3.560547, 1
31b, F, 0, 1, 1, 1, 1182, 0, 4, 1, kitten, -0.000000, 8, 1, 3.750000, -55552.710938, 1
15, p, 0, 0, 0, 1, 2, 26, 30784, 0, legs, -0.000924, -128, 16, 511.687500, -25.976562, 1
1c51, ), 0, 0, 0, 1, 5, -1, 14, 0, pig, -4.524449, -7, 43, -0.875000, -0.000977, 1
4, 2, 0, 1, 0, 0, 1883, -1, 213, 1, baby, 0.468386, -5, 12461, -0.062500, 352.380859, 0
353c, D, 1, 0, 1, 1, 0, 16, 0, 0, yarn, -3.129572, 1, 7, 23747.937500, 1565.063477, 0
efe, [, 0, 1, 0, 1, 0, 22, 6684, 1, cough, 0.000003, 26, 904, 39.937500, -51393.179688, 1
184, E, 0, 1, 0, 0, 21, -6, 880, 1, whip, -39.986721, -106, 2, -1.250000, 13.437500, 0
933, 7, 0, 1, 1, 1, 1, 61, 252, 0, fifth, -0.000000, 1, 48, 17337.062500, 2.282227, 0
2, c, 0, 0, 0, 1, 211, 0, 0, 1, coach, 0.000002, 1, 5, 0.062500, -441.658203, 1
5, ], 0, 0, 1, 0, 16, -1, 5709, 0, loss, -6.496713, -5, 3787, -83.687500, 50.178711, 1
3, f, 1, 1, 0, 0, 1883, -1, 244, 1, work, 0.468386, -5, 1, -50.062500, 4.014648, 0
7a5, /, 1, 1, 1, 0, 1324, 1, 154, 1, rate, 0.000007, 2, 7033, 10524.187500, 649.305664, 0
41b, k, 0, 1, 1, 1, 97, -2, 1, 0, war, -108.542389, -3, 11500, -83326.375000, -0.031250, 0
1166, x, 1, 1, 0, 1, 5295, 0, 21, 1, trees, -0.000010, -16, 5227, -553.500000, 1316.103516, 1
5, h, 1, 1, 1, 1, 12996, 23, 897, 1, shade, -0.000000, -1, 14, 0.500000, -186.519531, 1
c3, g, 0, 1, 0, 0, 3, -3, 22, 1, drain, -0.000354, 3, 8013, 7.875000, -8600.289062, 1
0, 7, 1, 1, 1, 0, 1, -2, 10781, 1, care, -0.013077, -14, 0, 13314.187500, 0.003906, 0
1a, k, 0, 1, 1, 1, 3361, -7, 275, 1, square, 38.680500, 2, 1102, -4.687500, 0.017578, 0
16e7, O, 0, 1, 0, 1, 1699, 1, 0, 1, canvas, 0.000009, -2, 0, -3.125000, -0.006836, 0
933, 7, 0, 0, 1, 1, 8652, -123, 206, 1, fifth, 1.000000, 4, 2282, 17337.062500, 46705.257812, 0
19b, *, 1, 0, 0, 0, 21, -6, 880, 1, list, -0.001070, 1, 2, -1.250000, 13.437500, 0
